# ¥ò scan at N=437 d=4
# 3 seeds ¡¿ 200 trials ¡¿ 12 ¥ò
# Generated: 2026-06-13 15:32:28
# Total time: 1630s

# K_baseline pooled = 1.8250

# Per-cell K_mean
sigma   seed  K_mean
0.000   1     2.2000
0.005   1     2.1850
0.010   1     2.1850
0.015   1     2.1850
0.020   1     2.1850
0.025   1     2.1850
0.035   1     2.1850
0.050   1     2.1850
0.075   1     2.1850
0.100   1     2.1850
0.150   1     2.1900
0.200   1     2.1900
0.000   2     1.5550
0.005   2     1.5250
0.010   2     1.5250
0.015   2     1.5250
0.020   2     1.5250
0.025   2     1.5250
0.035   2     1.5250
0.050   2     1.5250
0.075   2     1.5250
0.100   2     1.5250
0.150   2     1.5300
0.200   2     1.5400
0.000   3     1.7200
0.005   3     1.7350
0.010   3     1.7350
0.015   3     1.7350
0.020   3     1.7350
0.025   3     1.7350
0.035   3     1.7350
0.050   3     1.7350
0.075   3     1.7350
0.100   3     1.7350
0.150   3     1.7350
0.200   3     1.7400

# Paired analysis (pooled per-trial diffs)
sigma   SR%      SE      t       n_paired
0.005   +0.548  0.014  +0.71  600
0.010   +0.548  0.014  +0.71  600
0.015   +0.548  0.014  +0.71  600
0.020   +0.548  0.014  +0.71  600
0.025   +0.548  0.014  +0.71  600
0.035   +0.548  0.014  +0.71  600
0.050   +0.548  0.014  +0.71  600
0.075   +0.548  0.014  +0.71  600
0.100   +0.548  0.014  +0.71  600
0.150   +0.365  0.014  +0.47  600
0.200   +0.091  0.015  +0.11  600
